Score Matrix:
========================================
            A   B   C   D   
        0   0   0   0   0   
A       0   1   0   0   0   
B       0   0   0   0   0   
C       0   0   0   0   0   
D       0   0   0   0   0   
X       0   0   0   0   0   
Y       0   0   0   0   0   
========================================

Score Matrix:
========================================
            A   B   C   D   
        0   0   0   0   0
        0   0   0   0   0   
A       0   1   1   0   0   
B       0   1   0   0   0   
C       0   0   0   0   0   
D       0   0   0   0   0   
X       0   0   0   0   0   
Y       0   0   0   0   0   
========================================

        0    
A       0       1       1       0   0   
B       0       1   0       0   0   
C       0     0   0       0   0   
D       0     0   0       0   0   
X       0     0   0       0   0   
Y       0     0   0       0   0   
========================================
